 4000.000  4.442688e-05  1.366342e-03 
 4008.000  5.222335e-05  1.379504e-03 
 4016.000  6.054629e-05  1.393942e-03 
 4024.000  6.856875e-05  1.409217e-03 
 4032.000  8.330143e-05  1.426533e-03 
 4040.000  9.879140e-05  1.440117e-03 
 4049.000  1.009545e-04  1.465377e-03 
 4057.000  1.062347e-04  1.483865e-03 
 4065.000  1.141328e-04  1.497036e-03 
 4073.000  1.324540e-04  1.511409e-03 
 4082.000  1.519795e-04  1.526149e-03 
 4090.000  1.688311e-04  1.544381e-03 
 4098.000  1.707025e-04  1.563418e-03 
 4107.000  1.825885e-04  1.582971e-03 
 4115.000  1.923292e-04  1.597703e-03 
 4124.000  2.104865e-04  1.622895e-03 
 4132.000  2.231514e-04  1.636502e-03 
 4141.000  2.497721e-04  1.653587e-03 
 4149.000  2.681422e-04  1.661611e-03 
 4158.000  3.005841e-04  1.669188e-03 
 4167.000  3.747526e-04  1.651621e-03 
 4175.000  4.930297e-04  1.587348e-03 
 4184.000  8.150472e-04  1.334502e-03 
 4193.000  1.090772e-03  1.128534e-03 
 4202.000  1.124643e-03  1.131441e-03 
 4211.000  1.145589e-03  1.147960e-03 
 4219.000  1.160502e-03  1.161811e-03 
 4228.000  1.178711e-03  1.179212e-03 
 4237.000  1.197909e-03  1.198573e-03 
 4246.000  1.216253e-03  1.216971e-03 
 4255.000  1.233010e-03  1.234679e-03 
 4264.000  1.255181e-03  1.256765e-03 
 4274.000  1.280069e-03  1.280474e-03 
 4283.000  1.297609e-03  1.298797e-03 
 4292.000  1.318629e-03  1.320273e-03 
 4301.000  1.334180e-03  1.335887e-03 
 4310.000  1.353661e-03  1.356434e-03 
 4320.000  1.378229e-03  1.383377e-03 
 4329.000  1.393888e-03  1.398827e-03 
 4338.000  1.414782e-03  1.424816e-03 
 4348.000  1.434997e-03  1.453738e-03 
 4357.000  1.451114e-03  1.472494e-03 
 4367.000  1.466080e-03  1.511753e-03 
 4376.000  1.458683e-03  1.552488e-03 
 4386.000  1.465585e-03  1.600203e-03 
 4396.000  1.477643e-03  1.632367e-03 
 4405.000  1.538502e-03  1.614859e-03 
 4415.000  1.515840e-03  1.683379e-03 
 4425.000  1.578400e-03  1.678967e-03 
 4435.000  1.469729e-03  1.831923e-03 
 4444.000  1.431884e-03  1.905189e-03 
 4454.000  1.561642e-03  1.828197e-03 
 4464.000  1.418230e-03  2.023235e-03 
 4474.000  1.529024e-03  1.969439e-03 
 4484.000  1.476253e-03  2.070887e-03 
 4494.000  1.037147e-03  2.468761e-03 
 4505.000  1.269903e-03  2.380708e-03 
 4515.000  1.385931e-03  2.310040e-03 
 4525.000  1.290461e-03  2.430633e-03 
 4535.000  1.386450e-03  2.364547e-03 
 4545.000  1.292070e-03  2.470283e-03 
 4556.000  1.061813e-03  2.731079e-03 
 4566.000  9.876380e-04  2.818466e-03 
 4577.000  7.287189e-04  3.035816e-03 
 4587.000  5.281551e-04  3.180267e-03 
 4598.000  3.316205e-04  3.337521e-03 
 4608.000  2.414932e-04  3.414809e-03 
 4619.000  1.574304e-04  3.515736e-03 
 4630.000  1.417472e-04  3.569038e-03 
 4640.000  1.458949e-04  3.601020e-03 
 4651.000  4.022181e-04  3.548383e-03 
 4662.000  8.853832e-04  3.091839e-03 
 4673.000  1.098928e-03  2.998283e-03 
 4684.000  1.133740e-04  3.821210e-03 
 4695.000  5.105763e-04  3.723207e-03 
 4706.000  9.370266e-04  3.333040e-03 
 4717.000  6.636370e-04  3.736392e-03 
 4728.000  1.289640e-03  3.231845e-03 
 4739.000  2.460108e-04  4.041790e-03 
 4751.000  1.791416e-04  4.134402e-03 
 4762.000  6.100541e-04  3.951081e-03 
 4773.000  3.983701e-04  4.041036e-03 
 4785.000  1.447514e-03  3.341807e-03 
 4796.000  4.360333e-04  4.197198e-03 
 4808.000  7.161868e-04  4.115990e-03 
 4819.000  4.816589e-04  4.268642e-03 
 4831.000  6.260413e-04  4.310235e-03 
 4843.000  2.391652e-03  3.151562e-03 
 4854.000  2.288929e-03  3.249373e-03 
 4866.000  8.318715e-04  4.375367e-03 
 4878.000  7.828519e-04  4.456244e-03 
 4890.000  1.716845e-03  3.795958e-03 
 4902.000  7.089395e-04  4.426351e-03 
 4914.000  3.500636e-04  4.769091e-03 
 4926.000  3.327263e-04  4.853053e-03 
 4938.000  5.904372e-04  4.674028e-03 
 4950.000  1.022420e-03  4.426214e-03 
 4963.000  9.338972e-04  4.574814e-03 
 4975.000  6.326399e-04  4.853844e-03 
 4988.000  3.700759e-04  5.125431e-03 
 5000.000  8.327578e-04  4.836732e-03 
 5013.000  1.720289e-03  4.349562e-03 
 5025.000  2.687203e-03  3.952772e-03 
 5038.000  1.015681e-03  4.957161e-03 
 5051.000  4.580675e-04  5.416211e-03 
 5063.000  1.079668e-03  5.063498e-03 
 5076.000  1.233655e-03  4.984921e-03 
 5089.000  2.997309e-03  4.166156e-03 
 5102.000  2.332227e-03  4.577694e-03 
 5115.000  3.263608e-03  4.202038e-03 
 5128.000  1.615893e-03  5.117407e-03 
 5141.000  3.898171e-03  4.044041e-03 
 5155.000  2.698071e-03  4.686430e-03 
 5168.000  1.686052e-03  5.324565e-03 
 5181.000  1.462591e-03  5.476069e-03 
 5195.000  3.772321e-03  4.471636e-03 
 5208.000  3.863575e-03  4.489274e-03 
 5222.000  3.469906e-03  4.762772e-03 
 5236.000  4.281472e-03  4.448921e-03 
 5249.000  3.121298e-03  5.084891e-03 
 5263.000  2.174356e-03  5.599068e-03 
 5277.000  4.480073e-03  4.592080e-03 
 5291.000  4.483683e-03  4.682216e-03 
 5305.000  4.298614e-03  4.882053e-03 
 5319.000  2.861604e-03  5.622693e-03 
 5333.000  3.361564e-03  5.488548e-03 
 5348.000  4.852008e-03  4.866695e-03 
 5362.000  4.555017e-03  5.143291e-03 
 5376.000  4.256566e-03  5.365129e-03 
 5391.000  3.977708e-03  5.607180e-03 
 5405.000  4.431091e-03  5.482353e-03 
 5420.000  5.146564e-03  5.184752e-03 
 5435.000  4.938729e-03  5.440596e-03 
 5450.000  5.065433e-03  5.467284e-03 
 5464.000  5.352347e-03  5.374950e-03 
 5479.000  5.417783e-03  5.441882e-03 
 5495.000  4.780091e-03  5.923907e-03 
 5510.000  5.066480e-03  5.880630e-03 
 5525.000  5.505923e-03  5.740788e-03 
 5540.000  5.531845e-03  5.821576e-03 
 5556.000  5.785994e-03  5.804455e-03 
 5571.000  5.823123e-03  5.870326e-03 
 5587.000  5.823697e-03  5.999719e-03 
 5602.000  5.898403e-03  6.052715e-03 
 5618.000  6.024516e-03  6.124661e-03 
 5634.000  6.106418e-03  6.191477e-03 
 5650.000  6.156149e-03  6.272796e-03 
 5666.000  6.184142e-03  6.385778e-03 
 5682.000  6.278582e-03  6.461288e-03 
 5698.000  6.336962e-03  6.504861e-03 
 5714.000  6.497185e-03  6.532513e-03 
 5731.000  6.574887e-03  6.628964e-03 
 5747.000  6.660914e-03  6.687231e-03 
 5764.000  6.775450e-03  6.777803e-03 
 5780.000  6.811042e-03  6.848119e-03 
 5797.000  6.762800e-03  7.017129e-03 
 5814.000  6.988093e-03  7.028358e-03 
 5831.000  7.082423e-03  7.097093e-03 
 5848.000  7.122021e-03  7.209681e-03 
 5865.000  7.232343e-03  7.262842e-03 
 5882.000  7.332639e-03  7.333658e-03 
 5900.000  7.408201e-03  7.438276e-03 
 5917.000  7.473516e-03  7.513390e-03 
 5935.000  7.601194e-03  7.602950e-03 
 5952.000  7.661744e-03  7.680837e-03 
 5970.000  7.748340e-03  7.752453e-03 
 5988.000  7.826015e-03  7.859163e-03 
 6006.000  7.861120e-03  7.982968e-03 
 6024.000  7.945228e-03  8.059250e-03 
 6042.000  8.089360e-03  8.120431e-03 
 6061.000  8.189029e-03  8.232175e-03 
 6079.000  8.281156e-03  8.292015e-03 
 6098.000  8.330091e-03  8.446293e-03 
 6116.000  8.471045e-03  8.472836e-03 
 6135.000  8.502227e-03  8.635195e-03 
 6154.000  8.647895e-03  8.693866e-03 
 6173.000  8.704289e-03  8.807126e-03 
 6192.000  8.802132e-03  8.897607e-03 
 6211.000  8.821660e-03  9.014200e-03 
 6231.000  8.859699e-03  9.178053e-03 
 6250.000  8.950527e-03  9.231157e-03 
 6270.000  9.207904e-03  9.279905e-03 
 6289.000  9.177458e-03  9.412645e-03 
 6309.000  9.196754e-03  9.563101e-03 
 6329.000  9.385805e-03  9.599920e-03 
 6349.000  9.608909e-03  9.621485e-03 
 6369.000  9.698055e-03  9.727863e-03 
 6390.000  9.817382e-03  9.846274e-03 
 6410.000  9.914770e-03  9.919051e-03 
 6431.000  1.003135e-02  1.003779e-02 
 6452.000  1.012257e-02  1.015041e-02 
 6472.000  1.021059e-02  1.022222e-02 
 6494.000  1.033425e-02  1.033806e-02 
 6515.000  1.042792e-02  1.045625e-02 
 6536.000  1.048888e-02  1.058879e-02 
 6557.000  1.063221e-02  1.064055e-02 
 6579.000  1.073115e-02  1.076744e-02 
 6601.000  1.081654e-02  1.088762e-02 
 6623.000  1.095150e-02  1.096811e-02 
 6645.000  1.104707e-02  1.108292e-02 
 6667.000  1.114731e-02  1.119396e-02 
 6689.000  1.120156e-02  1.132708e-02 
 6711.000  1.135472e-02  1.136814e-02 
 6734.000  1.134785e-02  1.153989e-02 
 6757.000  1.137090e-02  1.172434e-02 
 6780.000  1.167593e-02  1.173098e-02 
 6803.000  1.168434e-02  1.187826e-02 
 6826.000  1.191299e-02  1.193444e-02 
 6849.000  1.191517e-02  1.207452e-02 
 6873.000  1.210369e-02  1.217092e-02 
 6897.000  1.206601e-02  1.236285e-02 
 6920.000  1.209593e-02  1.249554e-02 
 6944.000  1.211500e-02  1.265966e-02 
 6969.000  1.242178e-02  1.268349e-02 
 6993.000  1.260594e-02  1.270609e-02 
 7018.000  1.272937e-02  1.284438e-02 
 7042.000  1.282717e-02  1.292576e-02 
 7067.000  1.278706e-02  1.310430e-02 
 7092.000  1.258489e-02  1.341143e-02 
 7117.000  1.314729e-02  1.326389e-02 
 7143.000  1.332800e-02  1.337064e-02 
 7168.000  1.341006e-02  1.345678e-02 
 7194.000  1.329057e-02  1.368465e-02 
 7220.000  1.320658e-02  1.392062e-02 
 7246.000  1.283310e-02  1.427282e-02 
 7273.000  1.386387e-02  1.395021e-02 
 7299.000  1.303113e-02  1.451185e-02 
 7326.000  1.300622e-02  1.470901e-02 
 7353.000  1.302470e-02  1.485016e-02 
 7380.000  1.361673e-02  1.473941e-02 
 7407.000  1.252862e-02  1.539935e-02 
 7435.000  1.128564e-02  1.590984e-02 
 7463.000  1.462171e-02  1.472379e-02 
 7491.000  1.044430e-02  1.630031e-02 
 7519.000  1.201811e-02  1.594072e-02 
 7547.000  7.390707e-03  1.763299e-02 
 7576.000  1.492799e-02  1.524492e-02 
 7605.000  1.438997e-02  1.560014e-02 
 7634.000  1.040107e-02  1.740596e-02 
 7663.000  1.405468e-02  1.664479e-02 
 7692.000  1.121059e-02  1.811805e-02 
 7722.000  1.101247e-02  1.811551e-02 
 7752.000  1.029332e-02  1.822596e-02 
 7782.000  7.174012e-03  1.898738e-02 
 7813.000  9.289954e-03  1.863354e-02 
 7843.000  1.069084e-02  1.888518e-02 
 7874.000  1.461228e-02  1.699013e-02 
 7905.000  1.386569e-02  1.749830e-02 
 7937.000  1.351734e-02  1.778426e-02 
 7968.000  5.652380e-03  2.071919e-02 
 8000.000  3.705675e-03  2.131868e-02 
 8032.000  8.032751e-03  2.023138e-02 
 8065.000  6.154803e-03  2.014812e-02 
 8097.000  2.409688e-03  2.198595e-02 
 8130.000  2.906669e-03  2.204889e-02 
 8163.000  1.296158e-02  1.840238e-02 
 8197.000  3.445333e-03  2.174562e-02 
 8230.000  2.478683e-03  2.210351e-02 
 8264.000  3.713216e-03  2.179243e-02 
 8299.000  6.347240e-04  2.297058e-02 
 8333.000  7.994212e-04  2.299789e-02 
 8368.000  1.000628e-03  2.301368e-02 
 8403.000  1.710955e-03  2.300250e-02 
 8439.000  1.746815e-03  2.306616e-02 
 8475.000  1.217311e-03  2.343193e-02 
 8511.000  1.464905e-02  1.918375e-02 
 8547.000  1.171976e-03  2.353367e-02 
 8584.000  2.825031e-03  2.301447e-02 
 8621.000  1.133555e-03  2.386379e-02 
 8658.000  1.128636e-03  2.389992e-02 
 8696.000  7.099926e-03  2.185742e-02 
 8734.000  8.099654e-04  2.411789e-02 
 8772.000  8.063173e-04  2.416706e-02 
 8811.000  1.509165e-03  2.391138e-02 
 8850.000  7.044314e-04  2.434376e-02 
 8889.000  7.156392e-04  2.444602e-02 
 8929.000  7.038786e-04  2.448133e-02 
 8969.000  6.171758e-04  2.457870e-02 
 9009.000  9.436325e-04  2.446869e-02 
 9050.000  6.288224e-04  2.468103e-02 
 9091.000  4.164591e-03  2.355010e-02 
 9132.000  5.672116e-04  2.480942e-02 
 9174.000  1.139343e-03  2.466624e-02 
 9217.000  1.197138e-03  2.484106e-02 
 9259.000  9.074818e-04  2.491050e-02 
 9302.000  1.500725e-03  2.486141e-02 
 9346.000  1.454870e-03  2.500005e-02 
 9390.000  3.634517e-03  2.495366e-02 
 9434.000  6.018310e-03  2.481853e-02 
 9479.000  6.860811e-03  2.486483e-02 
 9524.000  6.979644e-03  2.462861e-02 
 9569.000  3.984897e-03  2.508734e-02 
 9615.000  6.665636e-03  2.505683e-02 
 9662.000  5.576838e-03  2.512009e-02 
 9709.000  7.030799e-03  2.441605e-02 
 9756.000  5.288469e-03  2.516527e-02 
 9804.000  4.779343e-03  2.520383e-02 
 9852.000  4.446789e-03  2.521878e-02 
 9901.000  3.673090e-03  2.517403e-02 
 9950.000  2.576574e-03  2.533813e-02 
10000.000  2.585392e-03  2.521108e-02 
10050.000  1.561088e-03  2.534381e-02 
10101.000  1.192179e-03  2.534885e-02 
10152.000  9.159769e-04  2.533489e-02 
10204.000  1.073787e-03  2.529479e-02 
10256.000  2.308353e-03  2.492376e-02 
10309.000  1.495982e-03  2.518485e-02 
10363.000  1.016000e-03  2.525154e-02 
10417.000  1.161938e-03  2.511806e-02 
10471.000  1.961319e-03  2.488403e-02 
10526.000  6.819111e-04  2.519845e-02 
10582.000  1.191716e-03  2.510371e-02 
10638.000  1.404551e-03  2.501806e-02 
10695.000  7.102336e-04  2.510800e-02 
10753.000  8.523555e-04  2.502892e-02 
10811.000  2.205248e-03  2.465391e-02 
10870.000  7.212756e-04  2.493499e-02 
10929.000  8.620494e-04  2.483834e-02 
10989.000  9.819213e-04  2.476444e-02 
11050.000  7.603627e-04  2.476805e-02 
11111.000  7.664181e-04  2.473841e-02 
11173.000  8.029166e-04  2.463723e-02 
11236.000  9.097702e-04  2.454833e-02 
11299.000  8.741316e-04  2.448507e-02 
11364.000  9.305360e-04  2.439081e-02 
11429.000  8.629945e-04  2.433320e-02 
11494.000  1.157656e-03  2.416985e-02 
11561.000  1.603822e-03  2.396219e-02 
11628.000  1.013506e-03  2.401340e-02 
11696.000  5.598072e-03  2.284406e-02 
11765.000  5.377525e-03  2.288203e-02 
11834.000  1.022154e-03  2.375877e-02 
11905.000  4.181990e-03  2.293260e-02 
11976.000  1.570468e-03  2.338218e-02 
12048.000  1.077430e-03  2.343659e-02 
12121.000  3.241628e-03  2.291550e-02 
12195.000  1.235054e-03  2.318876e-02 
12270.000  5.280784e-03  2.209856e-02 
12346.000  1.821837e-03  2.283435e-02 
12422.000  1.913655e-03  2.263992e-02 
12500.000  2.109994e-03  2.252778e-02 
12579.000  3.551855e-03  2.192868e-02 
12658.000  1.712620e-03  2.232710e-02 
12739.000  1.142435e-02  2.020497e-02 
12821.000  6.082202e-03  2.114421e-02 
12903.000  7.525839e-03  2.067913e-02 
12987.000  5.686569e-03  2.104765e-02 
13072.000  4.498878e-03  2.127510e-02 
13158.000  3.859665e-03  2.115742e-02 
13245.000  8.732791e-03  2.027068e-02 
13333.000  7.301270e-03  2.045832e-02 
13423.000  1.400508e-02  1.868224e-02 
13514.000  1.528303e-02  1.872993e-02 
13605.000  1.287318e-02  1.927131e-02 
13699.000  1.565734e-02  1.818771e-02 
13793.000  1.465039e-02  1.844122e-02 
13889.000  1.706221e-02  1.725076e-02 
13986.000  1.509690e-02  1.793577e-02 
14085.000  1.639781e-02  1.726503e-02 
14184.000  1.662024e-02  1.688730e-02 
14286.000  1.638128e-02  1.677068e-02 
14388.000  1.639074e-02  1.654939e-02 
14493.000  1.622219e-02  1.636391e-02 
14599.000  1.606294e-02  1.620618e-02 
14706.000  1.596903e-02  1.600564e-02 
14815.000  1.581491e-02  1.583841e-02 
14925.000  1.567262e-02  1.571541e-02 
15038.000  1.548878e-02  1.552047e-02 
15152.000  1.532584e-02  1.534871e-02 
15267.000  1.517978e-02  1.522725e-02 
15385.000  1.495041e-02  1.503631e-02 
15504.000  1.479240e-02  1.485353e-02 
15625.000  1.458475e-02  1.476805e-02 
15748.000  1.441406e-02  1.457833e-02 
15873.000  1.412610e-02  1.449560e-02 
16000.000  1.403884e-02  1.422647e-02 
16129.000  1.351382e-02  1.416520e-02 
16260.000  1.342938e-02  1.396284e-02 
16393.000  1.208057e-02  1.418239e-02 
16529.000  1.300913e-02  1.356525e-02 
16667.000  1.214538e-02  1.348227e-02 
16807.000  1.223204e-02  1.326715e-02 
16949.000  1.206456e-02  1.315582e-02 
17094.000  1.092114e-02  1.309985e-02 
17241.000  1.232886e-02  1.252416e-02 
17391.000  1.183896e-02  1.243040e-02 
17544.000  1.190603e-02  1.209440e-02 
17699.000  7.696018e-03  1.256587e-02 
17857.000  6.350870e-03  1.242348e-02 
18018.000  8.072491e-03  1.203957e-02 
18182.000  1.013424e-02  1.147551e-02 
18349.000  1.006232e-02  1.129141e-02 
18519.000  7.087330e-03  1.137690e-02 
18692.000  8.167279e-03  1.107250e-02 
18868.000  7.237148e-03  1.092345e-02 
19048.000  9.662172e-03  1.042709e-02 
19231.000  9.989224e-03  1.004670e-02 
19417.000  9.541986e-03  1.000190e-02 
19608.000  8.133942e-03  9.920531e-03 
19802.000  9.065694e-03  9.619110e-03 
20000.000  8.941750e-03  9.390152e-03 
20202.000  6.751899e-03  9.418647e-03 
20408.000  7.712126e-03  9.097050e-03 
20619.000  8.567858e-03  8.646935e-03 
20833.000  7.848581e-03  8.643216e-03 
21053.000  7.987542e-03  8.325166e-03 
21277.000  7.779861e-03  8.118398e-03 
21505.000  7.240179e-03  8.030809e-03 
21739.000  7.526607e-03  7.738632e-03 
21978.000  7.384456e-03  7.518669e-03 
22222.000  7.002224e-03  7.378048e-03 
22472.000  6.928888e-03  7.102076e-03 
22727.000  6.740856e-03  6.969236e-03 
22989.000  6.578699e-03  6.704745e-03 
23256.000  6.263120e-03  6.565109e-03 
23529.000  6.305310e-03  6.332286e-03 
23810.000  6.102325e-03  6.104574e-03 
24096.000  5.896189e-03  5.986089e-03 
24390.000  5.559452e-03  5.856234e-03 
24691.000  5.527068e-03  5.634090e-03 
25000.000  5.413852e-03  5.421538e-03 
25316.000  5.230174e-03  5.250358e-03 
25641.000  4.989122e-03  5.106961e-03 
25974.000  4.897102e-03  4.901151e-03 
26316.000  4.651141e-03  4.718482e-03 
26667.000  4.531281e-03  4.532647e-03 
27027.000  4.394345e-03  4.401706e-03 
27397.000  4.190790e-03  4.261725e-03 
27778.000  4.036328e-03  4.053709e-03 
28169.000  3.919430e-03  3.924540e-03 
28571.000  3.767908e-03  3.770116e-03 
28986.000  3.576821e-03  3.596588e-03 
29412.000  3.437581e-03  3.448242e-03 
29851.000  3.298559e-03  3.300131e-03 
30303.000  3.180039e-03  3.189299e-03 
30769.000  3.049192e-03  3.051992e-03 
31250.000  2.912253e-03  2.919580e-03 
31746.000  2.780950e-03  2.782578e-03 
32258.000  2.644324e-03  2.656896e-03 
32787.000  2.525114e-03  2.527901e-03 
33333.000  2.402238e-03  2.404116e-03 
33898.000  2.282231e-03  2.287444e-03 
34483.000  2.149082e-03  2.149186e-03 
35088.000  2.034537e-03  2.036056e-03 
35714.000  1.949462e-03  1.949601e-03 
36364.000  1.821570e-03  1.823831e-03 
37037.000  1.736908e-03  1.741791e-03 
37736.000  1.641583e-03  1.642315e-03 
38462.000  1.524432e-03  1.526939e-03 
39216.000  1.435324e-03  1.435380e-03 
40000.000  1.366470e-03  1.367043e-03 
40816.000  1.279673e-03  1.279699e-03 
41667.000  1.195177e-03  1.197278e-03 
42553.000  1.117366e-03  1.118451e-03 
43478.000  1.043760e-03  1.043942e-03 
44444.000  9.687328e-04  9.688525e-04 
45455.000  9.001766e-04  9.004482e-04 
46512.000  8.333612e-04  8.336712e-04 
47619.000  7.719466e-04  7.721041e-04 
48780.000  7.108264e-04  7.109877e-04 
50000.000  6.552978e-04  6.553843e-04 
